[Satellite]
VERSION=1.1
NAME=2015-049G
NICKNAME=2015-049G
TLE1=1 40905U 15049G   18021.08529185  .00000419  00000-0  26707-4 0  9997
TLE2=2 40905  97.4556  25.7773 0015967 173.9672 186.1755 15.13835146129169
