[Satellite]
VERSION=1.1
NAME=2017-071N
NICKNAME=2017-071N
TLE1=1 43049U 17071N   18020.91112252  .00003414  00000-0  10017-3 0  9994
TLE2=2 43049  51.6402  38.3950 0003255 106.2680 253.8662 15.38018744  6904
