[Satellite]
VERSION=1.1
NAME=2017-071H
NICKNAME=2017-071H
TLE1=1 43044U 17071H   18021.17307095  .00006666  00000-0  18537-3 0  9996
TLE2=2 43044  51.6399  37.1436 0005804  88.9370 271.2279 15.38057852  6949
