[Satellite]
VERSION=1.1
NAME=2017-071P
NICKNAME=2017-071P
TLE1=1 43050U 17071P   18021.16957792  .00005281  00000-0  14876-3 0  9991
TLE2=2 43050  51.6403  37.1224 0003208 102.5311 257.6032 15.38119111  6932
