[Satellite]
VERSION=1.1
NAME=2017-071R
NICKNAME=2017-071R
TLE1=1 43052U 17071R   18020.90942737  .00003552  00000-0  10358-3 0  9997
TLE2=2 43052  51.6404  38.3856 0003198 102.5411 257.5931 15.38088287  6899
